Alignments per Case Type:
Case Type, Represented number of traces,alignment(task) #1,alignment(task) #2,alignment(task) #3,...

1,1,LMGOOD( Identify Problem),LMGOOD( Research Related Work),LMGOOD( Develop Method),LMGOOD( Experiment),LMGOOD( Evaluate),L( Minor Revision),L( Revise),LMGOOD( Conclude),LMGOOD( Submit),LMGOOD( Review),L( Submit),LMGOOD( Final Decision)